
 Descriptive statistics by group 
my_sims: 1
   vars     n     mean      sd   median  trimmed     mad     min      max    range  skew kurtosis
1     1 21270 10631.90 6138.41 10630.50 10631.16 7878.54    1.00 21270.00 21269.00  0.00    -1.20
2     2 21270     1.99    0.82     2.00     1.98    1.48    1.00     3.00     2.00  0.02    -1.50
3     3 21270     1.10    0.44     1.00     1.00    0.00    1.00     4.00     3.00  4.89    24.59
4     4 21270     0.50    0.29     0.50     0.50    0.37    0.00     1.00     1.00 -0.01    -1.20
5     5 21270     0.06    0.25     0.00     0.00    0.00    0.00     3.00     3.00  4.11    17.56
6     6 21270 10635.50 6140.26 10635.50 10635.50 7883.73    1.00 21270.00 21269.00  0.00    -1.20
7     7 21270     5.02    2.92     5.05     5.02    3.74    0.00    10.00    10.00 -0.01    -1.20
8     8 21270     1.00    0.58     0.99     1.00    0.75    0.00     2.00     2.00  0.00    -1.20
9     9 21270     5.03    2.91     5.05     5.04    3.74    0.00    10.00    10.00 -0.01    -1.20
10   10 21270     1.00    0.59     0.99     1.00    0.75    0.00     2.00     2.00  0.00    -1.21
11   11 21270     0.00    0.00     0.00     0.00    0.00    0.00     0.00     0.00  0.00    -1.20
12   12 21270     0.00    0.00     0.00     0.00    0.00    0.00     0.00     0.00 -0.02    -1.21
13   13 21270     0.00    0.00     0.00     0.00    0.00    0.00     0.00     0.00  0.01    -1.20
14   14 21270     0.00    0.00     0.00     0.00    0.00    0.00     0.00     0.00  0.01    -1.20
15   15 21270 10635.50 6140.26 10635.50 10635.50 7883.73    1.00 21270.00 21269.00  0.00    -1.20
16   16 21270   760.74 3746.74     0.00     0.00    0.00 -236.91 21970.00 22206.91  5.22    26.17
17   17 21270    62.69  342.53     0.00     0.00    0.00    0.00  2131.00  2131.00  5.61    29.66
18   18 21270     0.33    2.90     0.00     0.00    0.00    0.00    40.00    40.00 12.32   162.69
19   19 21270    69.68  404.74     0.00     0.00    0.00    0.00  2465.00  2465.00  5.66    30.08
20   20 21270    12.93   67.70     0.00     0.00    0.00    0.00   409.00   409.00  5.54    29.13
21   21 21270     0.07    0.35     0.00     0.00    0.00    0.00     2.00     2.00  5.14    25.10
22   22 21270     0.22    1.17     0.00     0.00    0.00    0.00     7.00     7.00  5.55    29.15
23   23 21270     0.19    1.01     0.00     0.00    0.00    0.00     6.00     6.00  5.38    27.60
24   24 21270     0.10    0.51     0.00     0.00    0.00    0.00     3.00     3.00  5.38    27.60
25   25 21270     9.43   42.64     0.00     0.00    0.00    0.00   726.48   726.48  5.38    33.87
26   26 21270 10635.50 6140.26 10635.50 10635.50 7883.73    1.00 21270.00 21269.00  0.00    -1.20
27   27 21270     0.47    0.09     0.48     0.47    0.10    0.26     0.62     0.35 -0.33    -1.02
28   28 21270     0.34    0.04     0.34     0.34    0.04    0.20     0.42     0.22 -0.40    -0.32
29   29 21270     0.17    0.10     0.15     0.16    0.10    0.03     0.50     0.47  0.75    -0.26
30   30 21270     0.03    0.03     0.01     0.02    0.01    0.00     0.24     0.24  2.36     6.36
31   31 21270     1.00    0.00     1.00     1.00    0.00    1.00     1.00     0.00   NaN      NaN
      se
1  42.09
2   0.01
3   0.00
4   0.00
5   0.00
6  42.10
7   0.02
8   0.00
9   0.02
10  0.00
11  0.00
12  0.00
13  0.00
14  0.00
15 42.10
16 25.69
17  2.35
18  0.02
19  2.78
20  0.46
21  0.00
22  0.01
23  0.01
24  0.00
25  0.29
26 42.10
27  0.00
28  0.00
29  0.00
30  0.00
31  0.00
--------------------------------------------------------------------------- 
my_sims: 2
   vars     n     mean      sd   median  trimmed     mad     min      max    range  skew kurtosis
1     1 21681 10841.13 6257.77 10840.00 10841.27 8034.21    1.00 21681.00 21680.00  0.00    -1.20
2     2 21681     2.00    0.81     2.00     2.00    1.48    1.00     3.00     2.00  0.00    -1.48
3     3 21681     1.03    0.29     1.00     1.00    0.00    1.00     4.00     3.00  9.44    89.15
4     4 21681     0.50    0.29     0.50     0.50    0.37    0.00     1.00     1.00 -0.01    -1.20
5     5 21681     0.03    0.16     0.00     0.00    0.00    0.00     2.00     2.00  6.31    39.93
6     6 21681 10841.00 6258.91 10841.00 10841.00 8035.69    1.00 21681.00 21680.00  0.00    -1.20
7     7 21681     4.96    2.92     4.95     4.95    3.74    0.00    10.00    10.00  0.01    -1.21
8     8 21681     1.00    0.58     0.99     1.00    0.75    0.00     2.00     2.00  0.00    -1.21
9     9 21681     5.01    2.91     4.95     5.01    3.74    0.00    10.00    10.00  0.01    -1.20
10   10 21681     1.00    0.59     0.99     1.00    0.75    0.00     2.00     2.00  0.00    -1.21
11   11 21681     0.00    0.00     0.00     0.00    0.00    0.00     0.00     0.00  0.00    -1.20
12   12 21681     0.00    0.00     0.00     0.00    0.00    0.00     0.00     0.00  0.00    -1.21
13   13 21681     0.00    0.00     0.00     0.00    0.00    0.00     0.00     0.00  0.00    -1.21
14   14 21681     0.00    0.00     0.00     0.00    0.00    0.00     0.00     0.00 -0.01    -1.22
15   15 21681 10841.00 6258.91 10841.00 10841.00 8035.69    1.00 21681.00 21680.00  0.00    -1.20
16   16 21681    60.49  962.99     0.00     0.00    0.00 -511.06 23737.00 24248.06 21.25   495.37
17   17 21681     4.06   81.44     0.00     0.00    0.00    0.00  2192.00  2192.00 25.20   660.16
18   18 21681     0.53    6.02     0.00     0.00    0.00    0.00    81.00    81.00 12.07   148.00
19   19 21681     2.61   70.94     0.00     0.00    0.00    0.00  2015.00  2015.00 27.32   744.88
20   20 21681     1.72   33.65     0.00     0.00    0.00    0.00   918.00   918.00 26.46   711.81
21   21 21681     0.01    0.13     0.00     0.00    0.00    0.00     2.00     2.00 10.16   114.77
22   22 21681     0.01    0.33     0.00     0.00    0.00    0.00     9.00     9.00 26.30   704.37
23   23 21681     0.02    0.28     0.00     0.00    0.00    0.00     7.00     7.00 22.10   544.82
24   24 21681     0.01    0.12     0.00     0.00    0.00    0.00     3.00     3.00 21.36   496.35
25   25 21681     4.03   28.12     0.00     0.00    0.00    0.00   453.88   453.88  8.01    70.90
26   26 21681 10841.00 6258.91 10841.00 10841.00 8035.69    1.00 21681.00 21680.00  0.00    -1.20
27   27 21681     0.06    0.04     0.05     0.05    0.04    0.01     0.24     0.23  1.12     0.76
28   28 21681     0.10    0.06     0.09     0.10    0.06    0.01     0.34     0.33  0.91     0.27
29   29 21681     0.34    0.05     0.33     0.34    0.06    0.21     0.51     0.30  0.44    -0.41
30   30 21681     0.50    0.11     0.51     0.50    0.12    0.18     0.75     0.56 -0.24    -0.59
31   31 21681     2.00    0.00     2.00     2.00    0.00    2.00     2.00     0.00   NaN      NaN
      se
1  42.50
2   0.01
3   0.00
4   0.00
5   0.00
6  42.51
7   0.02
8   0.00
9   0.02
10  0.00
11  0.00
12  0.00
13  0.00
14  0.00
15 42.51
16  6.54
17  0.55
18  0.04
19  0.48
20  0.23
21  0.00
22  0.00
23  0.00
24  0.00
25  0.19
26 42.51
27  0.00
28  0.00
29  0.00
30  0.00
31  0.00
--------------------------------------------------------------------------- 
my_sims: 3
   vars     n    mean      sd  median trimmed     mad     min      max    range  skew kurtosis
1     1 19239 9619.81 5553.72 9619.00 9619.67 7126.86    1.00 19239.00 19238.00  0.00    -1.20
2     2 19239    2.00    0.82    2.00    2.00    1.48    1.00     3.00     2.00  0.00    -1.50
3     3 19239    1.09    0.51    1.00    1.00    0.00    1.00     4.00     3.00  5.35    27.24
4     4 19239    0.50    0.29    0.50    0.50    0.37    0.00     1.00     1.00  0.00    -1.20
5     5 19239    0.05    0.23    0.00    0.00    0.00    0.00     3.00     3.00  4.42    19.78
6     6 19239 9620.00 5553.97 9620.00 9620.00 7131.31    1.00 19239.00 19238.00  0.00    -1.20
7     7 19239    5.02    2.91    5.05    5.02    3.74    0.00    10.00    10.00 -0.01    -1.20
8     8 19239    1.00    0.58    0.99    1.00    0.75    0.00     2.00     2.00  0.00    -1.20
9     9 19239    5.02    2.90    5.05    5.02    3.74    0.00    10.00    10.00  0.00    -1.19
10   10 19239    1.00    0.58    0.99    1.00    0.75    0.00     2.00     2.00  0.01    -1.21
11   11 19239    0.00    0.00    0.00    0.00    0.00    0.00     0.00     0.00 -0.01    -1.20
12   12 19239    0.00    0.00    0.00    0.00    0.00    0.00     0.00     0.00  0.01    -1.20
13   13 19239    0.00    0.00    0.00    0.00    0.00    0.00     0.00     0.00  0.00    -1.20
14   14 19239    0.00    0.00    0.00    0.00    0.00    0.00     0.00     0.00  0.01    -1.20
15   15 19239 9620.00 5553.97 9620.00 9620.00 7131.31    1.00 19239.00 19238.00  0.00    -1.20
16   16 19239  124.57 1007.44    0.00    0.00    0.00 -500.30 12424.00 12924.30 11.19   132.29
17   17 19239   12.94  162.86    0.00    0.00    0.00    0.00  2146.00  2146.00 12.71   159.73
18   18 19239    0.27    1.99    0.00    0.00    0.00    0.00    24.00    24.00  8.64    82.32
19   19 19239   11.72  148.73    0.00    0.00    0.00    0.00  2035.00  2035.00 12.74   160.49
20   20 19239    4.90   50.51    0.00    0.00    0.00    0.00   655.00   655.00 12.45   155.01
21   21 19239    0.01    0.08    0.00    0.00    0.00    0.00     1.00     1.00 12.70   159.43
22   22 19239    0.05    0.28    0.00    0.00    0.00    0.00     3.00     3.00  8.01    73.39
23   23 19239    0.10    0.70    0.00    0.00    0.00    0.00     8.00     8.00  9.35    98.14
24   24 19239    0.05    0.28    0.00    0.00    0.00    0.00     3.00     3.00  8.02    73.65
25   25 19239   10.72   51.84    0.00    0.00    0.00    0.00   566.26   566.26  5.41    31.14
26   26 19239 9620.00 5553.97 9620.00 9620.00 7131.31    1.00 19239.00 19238.00  0.00    -1.20
27   27 19239    0.11    0.05    0.11    0.11    0.06    0.02     0.26     0.23  0.25    -0.87
28   28 19239    0.07    0.04    0.06    0.06    0.03    0.01     0.24     0.23  1.11     0.76
29   29 19239    0.55    0.22    0.57    0.55    0.29    0.11     0.90     0.79 -0.17    -1.25
30   30 19239    0.27    0.17    0.24    0.25    0.19    0.02     0.78     0.75  0.59    -0.63
31   31 19239    3.00    0.00    3.00    3.00    0.00    3.00     3.00     0.00   NaN      NaN
      se
1  40.04
2   0.01
3   0.00
4   0.00
5   0.00
6  40.04
7   0.02
8   0.00
9   0.02
10  0.00
11  0.00
12  0.00
13  0.00
14  0.00
15 40.04
16  7.26
17  1.17
18  0.01
19  1.07
20  0.36
21  0.00
22  0.00
23  0.01
24  0.00
25  0.37
26 40.04
27  0.00
28  0.00
29  0.00
30  0.00
31  0.00
--------------------------------------------------------------------------- 
my_sims: 4
   vars     n    mean      sd  median trimmed     mad     min      max    range  skew kurtosis
1     1 17694 8847.01 5109.88 8848.50 8846.96 6564.21    1.00 17694.00 17693.00  0.00    -1.20
2     2 17694    2.00    0.82    2.00    2.00    1.48    1.00     3.00     2.00  0.00    -1.51
3     3 17694    1.09    0.43    1.00    1.00    0.00    1.00     4.00     3.00  5.22    27.25
4     4 17694    0.50    0.29    0.50    0.50    0.37    0.00     1.00     1.00 -0.01    -1.19
5     5 17694    0.07    0.26    0.00    0.00    0.00    0.00     2.00     2.00  3.83    14.53
6     6 17694 8847.50 5107.96 8847.50 8847.50 6558.28    1.00 17694.00 17693.00  0.00    -1.20
7     7 17694    5.00    2.91    5.05    5.01    3.74    0.00    10.00    10.00 -0.01    -1.20
8     8 17694    1.00    0.59    0.99    0.99    0.75    0.00     2.00     2.00  0.01    -1.21
9     9 17694    5.00    2.92    4.95    5.00    3.74    0.00    10.00    10.00  0.01    -1.20
10   10 17694    1.00    0.59    1.01    1.00    0.75    0.00     2.00     2.00  0.00    -1.21
11   11 17694    0.00    0.00    0.00    0.00    0.00    0.00     0.00     0.00  0.01    -1.21
12   12 17694    0.00    0.00    0.00    0.00    0.00    0.00     0.00     0.00  0.00    -1.20
13   13 17694    0.00    0.00    0.00    0.00    0.00    0.00     0.00     0.00  0.02    -1.21
14   14 17694    0.00    0.00    0.00    0.00    0.00    0.00     0.00     0.00  0.00    -1.21
15   15 17694 8847.50 5107.96 8847.50 8847.50 6558.28    1.00 17694.00 17693.00  0.00    -1.20
16   16 17694  378.43 2402.93    0.00    0.00    0.00 -668.18 21263.00 21931.18  7.75    62.71
17   17 17694   27.91  208.71    0.00    0.00    0.00    0.00  2030.00  2030.00  8.73    76.56
18   18 17694    0.30    2.36    0.00    0.00    0.00    0.00    29.00    29.00  9.55   102.69
19   19 17694   25.53  235.27    0.00    0.00    0.00    0.00  2253.00  2253.00  9.18    82.25
20   20 17694    5.98   42.29    0.00    0.00    0.00    0.00   391.00   391.00  8.60    74.65
21   21 17694    0.02    0.21    0.00    0.00    0.00    0.00     2.00     2.00  9.17    82.16
22   22 17694    0.06    0.44    0.00    0.00    0.00    0.00     4.00     4.00  8.54    73.45
23   23 17694    0.06    0.44    0.00    0.00    0.00    0.00     4.00     4.00  8.54    73.41
24   24 17694    0.02    0.21    0.00    0.00    0.00    0.00     2.00     2.00  9.17    82.16
25   25 17694   12.26   51.70    0.00    0.00    0.00    0.00   540.77   540.77  4.70    23.16
26   26 17694 8847.50 5107.96 8847.50 8847.50 6558.28    1.00 17694.00 17693.00  0.00    -1.20
27   27 17694    0.19    0.05    0.20    0.19    0.05    0.07     0.32     0.25 -0.14    -0.69
28   28 17694    0.32    0.10    0.31    0.32    0.11    0.08     0.57     0.48  0.09    -0.69
29   29 17694    0.16    0.05    0.15    0.15    0.05    0.06     0.30     0.25  0.39    -0.48
30   30 17694    0.33    0.16    0.31    0.32    0.18    0.05     0.77     0.71  0.42    -0.74
31   31 17694    4.00    0.00    4.00    4.00    0.00    4.00     4.00     0.00   NaN      NaN
      se
1  38.41
2   0.01
3   0.00
4   0.00
5   0.00
6  38.40
7   0.02
8   0.00
9   0.02
10  0.00
11  0.00
12  0.00
13  0.00
14  0.00
15 38.40
16 18.06
17  1.57
18  0.02
19  1.77
20  0.32
21  0.00
22  0.00
23  0.00
24  0.00
25  0.39
26 38.40
27  0.00
28  0.00
29  0.00
30  0.00
31  0.00
--------------------------------------------------------------------------- 
my_sims: 5
   vars     n     mean      sd   median  trimmed     mad     min      max    range  skew kurtosis
1     1 20942 10472.03 6045.47 10472.50 10472.14 7762.89    1.00 20942.00 20941.00  0.00    -1.20
2     2 20942     2.00    0.82     2.00     1.99    1.48    1.00     3.00     2.00  0.01    -1.50
3     3 20942     1.05    0.32     1.00     1.00    0.00    1.00     4.00     3.00  7.46    57.50
4     4 20942     0.50    0.29     0.50     0.50    0.37    0.00     1.00     1.00 -0.01    -1.20
5     5 20942     0.03    0.16     0.00     0.00    0.00    0.00     2.00     2.00  6.27    39.81
6     6 20942 10471.50 6045.58 10471.50 10471.50 7762.15    1.00 20942.00 20941.00  0.00    -1.20
7     7 20942     4.99    2.92     4.95     4.99    3.74    0.00    10.00    10.00  0.01    -1.21
8     8 20942     1.00    0.58     1.01     1.00    0.75    0.00     2.00     2.00  0.00    -1.20
9     9 20942     4.99    2.90     4.95     4.99    3.74    0.00    10.00    10.00 -0.01    -1.19
10   10 20942     1.00    0.59     0.99     1.00    0.75    0.00     2.00     2.00  0.01    -1.22
11   11 20942     0.00    0.00     0.00     0.00    0.00    0.00     0.00     0.00 -0.01    -1.21
12   12 20942     0.00    0.00     0.00     0.00    0.00    0.00     0.00     0.00 -0.02    -1.20
13   13 20942     0.00    0.00     0.00     0.00    0.00    0.00     0.00     0.00 -0.01    -1.21
14   14 20942     0.00    0.00     0.00     0.00    0.00    0.00     0.00     0.00  0.01    -1.20
15   15 20942 10471.50 6045.58 10471.50 10471.50 7762.15    1.00 20942.00 20941.00  0.00    -1.20
16   16 20942   208.58 2358.58     0.00     0.00    0.00 -608.74 29040.00 29648.74 12.07   144.28
17   17 20942    19.38  199.99     0.00     0.00    0.00    0.00  2480.00  2480.00 11.75   138.77
18   18 20942     0.30    4.13     0.00     0.00    0.00    0.00    72.00    72.00 16.14   270.19
19   19 20942    14.39  175.15     0.00     0.00    0.00    0.00  2227.00  2227.00 12.16   146.03
20   20 20942     3.53   39.34     0.00     0.00    0.00    0.00   491.00   491.00 12.05   144.14
21   21 20942     0.01    0.11     0.00     0.00    0.00    0.00     1.00     1.00  8.75    74.63
22   22 20942     0.06    0.65     0.00     0.00    0.00    0.00     8.00     8.00 11.92   141.58
23   23 20942     0.02    0.19     0.00     0.00    0.00    0.00     2.00     2.00  8.71    79.46
24   24 20942     0.03    0.26     0.00     0.00    0.00    0.00     3.00     3.00 10.04   106.36
25   25 20942     4.39   30.21     0.00     0.00    0.00    0.00   613.99   613.99  8.07    75.60
26   26 20942 10471.50 6045.58 10471.50 10471.50 7762.15    1.00 20942.00 20941.00  0.00    -1.20
27   27 20942     0.26    0.05     0.26     0.26    0.06    0.13     0.40     0.27  0.08    -0.71
28   28 20942     0.41    0.07     0.42     0.42    0.09    0.25     0.57     0.32 -0.17    -1.07
29   29 20942     0.23    0.06     0.23     0.23    0.06    0.10     0.39     0.29  0.15    -0.69
30   30 20942     0.09    0.06     0.07     0.08    0.06    0.01     0.25     0.23  0.73    -0.62
31   31 20942     5.00    0.00     5.00     5.00    0.00    5.00     5.00     0.00   NaN      NaN
      se
1  41.78
2   0.01
3   0.00
4   0.00
5   0.00
6  41.78
7   0.02
8   0.00
9   0.02
10  0.00
11  0.00
12  0.00
13  0.00
14  0.00
15 41.78
16 16.30
17  1.38
18  0.03
19  1.21
20  0.27
21  0.00
22  0.00
23  0.00
24  0.00
25  0.21
26 41.78
27  0.00
28  0.00
29  0.00
30  0.00
31  0.00
--------------------------------------------------------------------------- 
my_sims: 6
   vars     n    mean      sd  median trimmed     mad     min      max    range  skew kurtosis
1     1 16956 8477.73 4894.49 8476.50 8477.31 6284.00    1.00 16956.00 16955.00  0.00    -1.20
2     2 16956    2.01    0.82    2.00    2.01    1.48    1.00     3.00     2.00 -0.01    -1.51
3     3 16956    1.12    0.55    1.00    1.00    0.00    1.00     4.00     3.00  4.63    20.40
4     4 16956    0.50    0.29    0.50    0.50    0.37    0.00     1.00     1.00  0.01    -1.20
5     5 16956    0.06    0.24    0.00    0.00    0.00    0.00     3.00     3.00  4.27    18.72
6     6 16956 8478.50 4894.92 8478.50 8478.50 6284.74    1.00 16956.00 16955.00  0.00    -1.20
7     7 16956    4.99    2.92    4.95    4.99    3.74    0.00    10.00    10.00  0.01    -1.20
8     8 16956    1.00    0.58    1.01    1.00    0.75    0.00     2.00     2.00  0.01    -1.20
9     9 16956    4.99    2.93    4.95    4.99    3.74    0.00    10.00    10.00  0.01    -1.22
10   10 16956    1.00    0.59    1.01    1.00    0.75    0.00     2.00     2.00 -0.01    -1.21
11   11 16956    0.00    0.00    0.00    0.00    0.00    0.00     0.00     0.00  0.01    -1.18
12   12 16956    0.00    0.00    0.00    0.00    0.00    0.00     0.00     0.00  0.01    -1.19
13   13 16956    0.00    0.00    0.00    0.00    0.00    0.00     0.00     0.00 -0.01    -1.21
14   14 16956    0.00    0.00    0.00    0.00    0.00    0.00     0.00     0.00  0.01    -1.19
15   15 16956 8478.50 4894.92 8478.50 8478.50 6284.74    1.00 16956.00 16955.00  0.00    -1.20
16   16 16956  243.91 1212.36    0.00    0.00    0.00 -210.79  9136.00  9346.79  5.86    36.09
17   17 16956   30.88  259.06    0.00    0.00    0.00    0.00  2354.00  2354.00  8.72    74.28
18   18 16956    2.22   13.15    0.00    0.00    0.00    0.00    95.00    95.00  6.20    37.70
19   19 16956   30.15  266.92    0.00    0.00    0.00    0.00  2439.00  2439.00  8.76    74.68
20   20 16956   12.29  106.59    0.00    0.00    0.00    0.00   964.00   964.00  8.75    74.59
21   21 16956    0.07    0.29    0.00    0.00    0.00    0.00     2.00     2.00  4.89    24.88
22   22 16956    0.13    1.01    0.00    0.00    0.00    0.00     9.00     9.00  8.60    72.76
23   23 16956    0.16    0.85    0.00    0.00    0.00    0.00     7.00     7.00  6.96    51.61
24   24 16956    0.04    0.20    0.00    0.00    0.00    0.00     1.00     1.00  4.67    19.83
25   25 16956    5.84   27.31    0.00    0.00    0.00    0.00   655.58   655.58  6.08    56.72
26   26 16956 8478.50 4894.92 8478.50 8478.50 6284.74    1.00 16956.00 16955.00  0.00    -1.20
27   27 16956    0.23    0.02    0.23    0.23    0.02    0.15     0.29     0.14 -0.08    -0.32
28   28 16956    0.21    0.05    0.21    0.21    0.06    0.10     0.35     0.25  0.14    -0.84
29   29 16956    0.51    0.09    0.52    0.52    0.10    0.22     0.73     0.50 -0.25    -0.56
30   30 16956    0.05    0.05    0.03    0.04    0.03    0.00     0.34     0.33  1.88     3.94
31   31 16956    6.00    0.00    6.00    6.00    0.00    6.00     6.00     0.00   NaN      NaN
      se
1  37.59
2   0.01
3   0.00
4   0.00
5   0.00
6  37.59
7   0.02
8   0.00
9   0.02
10  0.00
11  0.00
12  0.00
13  0.00
14  0.00
15 37.59
16  9.31
17  1.99
18  0.10
19  2.05
20  0.82
21  0.00
22  0.01
23  0.01
24  0.00
25  0.21
26 37.59
27  0.00
28  0.00
29  0.00
30  0.00
31  0.00
--------------------------------------------------------------------------- 
my_sims: 7
   vars     n     mean      sd   median  trimmed     mad     min      max    range  skew kurtosis
1     1 21310 10657.30 6152.46 10657.50 10657.61 7901.52    1.00 21310.00 21309.00  0.00    -1.20
2     2 21310     1.99    0.81     2.00     1.99    1.48    1.00     3.00     2.00  0.01    -1.49
3     3 21310     1.03    0.27     1.00     1.00    0.00    1.00     4.00     3.00  8.68    77.90
4     4 21310     0.50    0.29     0.50     0.50    0.37    0.00     1.00     1.00 -0.02    -1.21
5     5 21310     0.04    0.20     0.00     0.00    0.00    0.00     2.00     2.00  5.21    27.99
6     6 21310 10655.50 6151.81 10655.50 10655.50 7898.55    1.00 21310.00 21309.00  0.00    -1.20
7     7 21310     4.96    2.92     4.95     4.96    3.74    0.00    10.00    10.00  0.01    -1.20
8     8 21310     1.01    0.58     1.01     1.01    0.75    0.00     2.00     2.00 -0.01    -1.19
9     9 21310     4.98    2.92     4.95     4.98    3.74    0.00    10.00    10.00  0.01    -1.20
10   10 21310     1.00    0.58     1.01     1.00    0.75    0.00     2.00     2.00 -0.01    -1.21
11   11 21310     0.00    0.00     0.00     0.00    0.00    0.00     0.00     0.00 -0.02    -1.22
12   12 21310     0.00    0.00     0.00     0.00    0.00    0.00     0.00     0.00 -0.01    -1.19
13   13 21310     0.00    0.00     0.00     0.00    0.00    0.00     0.00     0.00 -0.02    -1.20
14   14 21310     0.00    0.00     0.00     0.00    0.00    0.00     0.00     0.00  0.01    -1.20
15   15 21310 10655.50 6151.81 10655.50 10655.50 7898.55    1.00 21310.00 21309.00  0.00    -1.20
16   16 21310    84.15  832.19     0.00     0.00    0.00 -658.94 12424.00 13082.94 12.47   172.29
17   17 21310     8.33  135.62     0.00     0.00    0.00    0.00  2298.00  2298.00 16.65   275.25
18   18 21310     0.16    2.15     0.00     0.00    0.00    0.00    43.00    43.00 17.02   317.94
19   19 21310     8.66  144.44     0.00     0.00    0.00    0.00  2480.00  2480.00 16.66   275.70
20   20 21310     2.37   36.60     0.00     0.00    0.00    0.00   618.00   618.00 16.60   274.09
21   21 21310     0.02    0.13     0.00     0.00    0.00    0.00     1.00     1.00  7.56    55.21
22   22 21310     0.03    0.42     0.00     0.00    0.00    0.00     7.00     7.00 16.12   262.64
23   23 21310     0.05    0.55     0.00     0.00    0.00    0.00     8.00     8.00 12.43   165.09
24   24 21310     0.03    0.26     0.00     0.00    0.00    0.00     4.00     4.00 12.90   184.05
25   25 21310     4.65   26.22     0.00     0.00    0.00    0.00   658.94   658.94  6.78    59.07
26   26 21310 10655.50 6151.81 10655.50 10655.50 7898.55    1.00 21310.00 21309.00  0.00    -1.20
27   27 21310     0.10    0.10     0.06     0.08    0.08    0.00     0.37     0.37  0.87    -0.51
28   28 21310     0.24    0.14     0.25     0.24    0.19    0.01     0.55     0.53  0.02    -1.31
29   29 21310     0.11    0.07     0.10     0.10    0.10    0.01     0.28     0.27  0.26    -1.20
30   30 21310     0.55    0.29     0.58     0.56    0.40    0.03     0.98     0.95 -0.17    -1.41
31   31 21310     7.00    0.00     7.00     7.00    0.00    7.00     7.00     0.00   NaN      NaN
      se
1  42.15
2   0.01
3   0.00
4   0.00
5   0.00
6  42.14
7   0.02
8   0.00
9   0.02
10  0.00
11  0.00
12  0.00
13  0.00
14  0.00
15 42.14
16  5.70
17  0.93
18  0.01
19  0.99
20  0.25
21  0.00
22  0.00
23  0.00
24  0.00
25  0.18
26 42.14
27  0.00
28  0.00
29  0.00
30  0.00
31  0.00
--------------------------------------------------------------------------- 
my_sims: 8
   vars     n     mean      sd   median  trimmed     mad     min      max    range  skew kurtosis
1     1 21554 10775.87 6221.26 10774.50 10775.80 7986.77    1.00 21554.00 21553.00  0.00    -1.20
2     2 21554     2.00    0.82     2.00     2.00    1.48    1.00     3.00     2.00  0.01    -1.50
3     3 21554     1.05    0.32     1.00     1.00    0.00    1.00     4.00     3.00  7.41    57.04
4     4 21554     0.50    0.29     0.50     0.50    0.37    0.00     1.00     1.00  0.00    -1.20
5     5 21554     0.03    0.17     0.00     0.00    0.00    0.00     2.00     2.00  6.18    39.35
6     6 21554 10777.50 6222.25 10777.50 10777.50 7988.99    1.00 21554.00 21553.00  0.00    -1.20
7     7 21554     4.98    2.91     4.95     4.98    3.74    0.00    10.00    10.00  0.01    -1.19
8     8 21554     1.00    0.58     1.01     1.00    0.75    0.00     2.00     2.00  0.00    -1.20
9     9 21554     4.96    2.92     4.95     4.96    3.74    0.00    10.00    10.00  0.02    -1.20
10   10 21554     1.00    0.58     0.99     1.00    0.75    0.00     2.00     2.00  0.01    -1.20
11   11 21554     0.00    0.00     0.00     0.00    0.00    0.00     0.00     0.00  0.00    -1.20
12   12 21554     0.00    0.00     0.00     0.00    0.00    0.00     0.00     0.00 -0.02    -1.19
13   13 21554     0.00    0.00     0.00     0.00    0.00    0.00     0.00     0.00 -0.01    -1.20
14   14 21554     0.00    0.00     0.00     0.00    0.00    0.00     0.00     0.00  0.00    -1.19
15   15 21554 10777.50 6222.25 10777.50 10777.50 7988.99    1.00 21554.00 21553.00  0.00    -1.20
16   16 21554   211.04 1777.67     0.00     0.00    0.00 -289.15 18788.00 19077.15  9.91    99.67
17   17 21554    20.96  195.23     0.00     0.00    0.00    0.00  2136.00  2136.00 10.29   105.62
18   18 21554     0.09    1.18     0.00     0.00    0.00    0.00    20.00    20.00 14.63   224.01
19   19 21554    21.08  224.60     0.00     0.00    0.00    0.00  2495.00  2495.00 10.60   110.43
20   20 21554     8.54   88.38     0.00     0.00    0.00    0.00   955.00   955.00 10.58   110.12
21   21 21554     0.03    0.22     0.00     0.00    0.00    0.00     2.00     2.00  7.25    55.07
22   22 21554     0.06    0.56     0.00     0.00    0.00    0.00     6.00     6.00 10.32   105.98
23   23 21554     0.05    0.47     0.00     0.00    0.00    0.00     5.00     5.00  9.98   100.57
24   24 21554     0.04    0.30     0.00     0.00    0.00    0.00     3.00     3.00  8.48    76.20
25   25 21554     4.54   30.13     0.00     0.00    0.00    0.00   424.14   424.14  7.47    60.34
26   26 21554 10777.50 6222.25 10777.50 10777.50 7988.99    1.00 21554.00 21553.00  0.00    -1.20
27   27 21554     0.36    0.04     0.36     0.36    0.04    0.26     0.46     0.20  0.04    -0.69
28   28 21554     0.36    0.05     0.36     0.36    0.06    0.23     0.48     0.24 -0.04    -0.98
29   29 21554     0.21    0.02     0.21     0.21    0.03    0.14     0.28     0.14 -0.05    -0.53
30   30 21554     0.07    0.04     0.05     0.06    0.04    0.01     0.23     0.22  0.91     0.08
31   31 21554     8.00    0.00     8.00     8.00    0.00    8.00     8.00     0.00   NaN      NaN
      se
1  42.38
2   0.01
3   0.00
4   0.00
5   0.00
6  42.38
7   0.02
8   0.00
9   0.02
10  0.00
11  0.00
12  0.00
13  0.00
14  0.00
15 42.38
16 12.11
17  1.33
18  0.01
19  1.53
20  0.60
21  0.00
22  0.00
23  0.00
24  0.00
25  0.21
26 42.38
27  0.00
28  0.00
29  0.00
30  0.00
31  0.00
--------------------------------------------------------------------------- 
my_sims: 9
   vars     n    mean      sd  median trimmed     mad     min      max    range  skew kurtosis
1     1 19346 9673.75 5583.29 9673.50 9673.93 7168.37    1.00 19346.00 19345.00  0.00    -1.20
2     2 19346    2.00    0.82    2.00    2.00    1.48    1.00     3.00     2.00  0.00    -1.51
3     3 19346    1.08    0.39    1.00    1.00    0.00    1.00     4.00     3.00  5.39    30.34
4     4 19346    0.50    0.29    0.51    0.50    0.37    0.00     1.00     1.00 -0.01    -1.20
5     5 19346    0.06    0.24    0.00    0.00    0.00    0.00     2.00     2.00  4.15    17.01
6     6 19346 9673.50 5584.85 9673.50 9673.50 7170.59    1.00 19346.00 19345.00  0.00    -1.20
7     7 19346    4.97    2.92    4.95    4.96    3.74    0.00    10.00    10.00  0.02    -1.21
8     8 19346    1.01    0.58    1.01    1.01    0.75    0.00     2.00     2.00 -0.02    -1.20
9     9 19346    5.01    2.91    5.05    5.01    3.74    0.00    10.00    10.00  0.00    -1.19
10   10 19346    1.00    0.58    0.99    0.99    0.75    0.00     2.00     2.00  0.01    -1.20
11   11 19346    0.00    0.00    0.00    0.00    0.00    0.00     0.00     0.00 -0.01    -1.20
12   12 19346    0.00    0.00    0.00    0.00    0.00    0.00     0.00     0.00  0.00    -1.20
13   13 19346    0.00    0.00    0.00    0.00    0.00    0.00     0.00     0.00  0.00    -1.20
14   14 19346    0.00    0.00    0.00    0.00    0.00    0.00     0.00     0.00  0.00    -1.20
15   15 19346 9673.50 5584.85 9673.50 9673.50 7170.59    1.00 19346.00 19345.00  0.00    -1.20
16   16 19346  955.57 5290.89    0.00    0.00    0.00 -657.32 34697.00 35354.32  5.98    34.82
17   17 19346   51.24  305.17    0.00    0.00    0.00    0.00  2141.00  2141.00  6.26    37.71
18   18 19346    0.15    2.50    0.00    0.00    0.00    0.00    46.00    46.00 18.27   332.56
19   19 19346   49.14  319.88    0.00    0.00    0.00    0.00  2167.00  2167.00  6.37    38.61
20   20 19346    7.94   43.71    0.00    0.00    0.00    0.00   291.00   291.00  6.00    35.05
21   21 19346    0.06    0.33    0.00    0.00    0.00    0.00     2.00     2.00  5.26    26.99
22   22 19346    0.03    0.17    0.00    0.00    0.00    0.00     1.00     1.00  5.52    28.50
23   23 19346    0.13    0.76    0.00    0.00    0.00    0.00     5.00     5.00  6.11    36.16
24   24 19346    0.09    0.47    0.00    0.00    0.00    0.00     3.00     3.00  5.74    32.34
25   25 19346   11.63   54.22    0.00    0.00    0.00    0.00   657.32   657.32  5.33    30.73
26   26 19346 9673.50 5584.85 9673.50 9673.50 7170.59    1.00 19346.00 19345.00  0.00    -1.20
27   27 19346    0.42    0.10    0.41    0.41    0.12    0.20     0.67     0.47  0.14    -0.89
28   28 19346    0.31    0.05    0.31    0.31    0.05    0.19     0.43     0.24  0.13    -0.66
29   29 19346    0.13    0.06    0.12    0.12    0.06    0.03     0.33     0.30  0.66    -0.32
30   30 19346    0.15    0.04    0.15    0.15    0.04    0.06     0.29     0.22  0.43    -0.38
31   31 19346    9.00    0.00    9.00    9.00    0.00    9.00     9.00     0.00   NaN      NaN
      se
1  40.14
2   0.01
3   0.00
4   0.00
5   0.00
6  40.15
7   0.02
8   0.00
9   0.02
10  0.00
11  0.00
12  0.00
13  0.00
14  0.00
15 40.15
16 38.04
17  2.19
18  0.02
19  2.30
20  0.31
21  0.00
22  0.00
23  0.01
24  0.00
25  0.39
26 40.15
27  0.00
28  0.00
29  0.00
30  0.00
31  0.00
--------------------------------------------------------------------------- 
my_sims: 10
   vars     n    mean      sd  median trimmed     mad     min      max    range  skew kurtosis
1     1 15941 7970.62 4602.27 7972.00 7970.47 5909.64    1.00 15941.00 15940.00  0.00    -1.20
2     2 15941    2.00    0.82    2.00    2.00    1.48    1.00     3.00     2.00  0.00    -1.49
3     3 15941    1.09    0.43    1.00    1.00    0.00    1.00     4.00     3.00  5.24    27.88
4     4 15941    0.50    0.29    0.50    0.50    0.37    0.00     1.00     1.00 -0.01    -1.20
5     5 15941    0.06    0.24    0.00    0.00    0.00    0.00     2.00     2.00  4.41    19.97
6     6 15941 7971.00 4601.91 7971.00 7971.00 5908.16    1.00 15941.00 15940.00  0.00    -1.20
7     7 15941    5.01    2.93    5.05    5.01    3.74    0.00    10.00    10.00  0.00    -1.21
8     8 15941    1.00    0.58    0.99    1.00    0.75    0.00     2.00     2.00  0.00    -1.21
9     9 15941    5.03    2.92    5.05    5.03    3.74    0.00    10.00    10.00 -0.01    -1.20
10   10 15941    1.01    0.58    1.01    1.01    0.75    0.00     2.00     2.00 -0.01    -1.20
11   11 15941    0.00    0.00    0.00    0.00    0.00    0.00     0.00     0.00  0.02    -1.20
12   12 15941    0.00    0.00    0.00    0.00    0.00    0.00     0.00     0.00 -0.01    -1.22
13   13 15941    0.00    0.00    0.00    0.00    0.00    0.00     0.00     0.00 -0.01    -1.21
14   14 15941    0.00    0.00    0.00    0.00    0.00    0.00     0.00     0.00  0.00    -1.21
15   15 15941 7971.00 4601.91 7971.00 7971.00 5908.16    1.00 15941.00 15940.00  0.00    -1.20
16   16 15941  372.00 2080.68    0.00    0.00    0.00 -464.34 15253.00 15717.34  6.48    42.43
17   17 15941   39.37  269.34    0.00    0.00    0.00    0.00  2101.00  2101.00  7.29    51.57
18   18 15941    0.34    3.20    0.00    0.00    0.00    0.00    43.00    43.00 12.14   155.54
19   19 15941   40.00  300.08    0.00    0.00    0.00    0.00  2364.00  2364.00  7.39    52.65
20   20 15941   15.33  106.31    0.00    0.00    0.00    0.00   818.00   818.00  7.33    51.97
21   21 15941    0.05    0.28    0.00    0.00    0.00    0.00     2.00     2.00  6.37    40.08
22   22 15941    0.08    0.42    0.00    0.00    0.00    0.00     3.00     3.00  5.97    36.69
23   23 15941    0.07    0.36    0.00    0.00    0.00    0.00     3.00     3.00  6.51    46.94
24   24 15941    0.07    0.41    0.00    0.00    0.00    0.00     3.00     3.00  6.40    41.34
25   25 15941    7.86   36.90    0.00    0.00    0.00    0.00   447.61   447.61  5.31    30.71
26   26 15941 7971.00 4601.91 7971.00 7971.00 5908.16    1.00 15941.00 15940.00  0.00    -1.20
27   27 15941    0.35    0.05    0.35    0.35    0.05    0.22     0.47     0.25 -0.01    -0.72
28   28 15941    0.37    0.03    0.37    0.37    0.03    0.26     0.45     0.19 -0.17    -0.35
29   29 15941    0.19    0.05    0.19    0.19    0.06    0.09     0.35     0.25  0.32    -0.82
30   30 15941    0.09    0.04    0.08    0.09    0.04    0.03     0.24     0.21  0.65    -0.29
31   31 15941   10.00    0.00   10.00   10.00    0.00   10.00    10.00     0.00   NaN      NaN
      se
1  36.45
2   0.01
3   0.00
4   0.00
5   0.00
6  36.45
7   0.02
8   0.00
9   0.02
10  0.00
11  0.00
12  0.00
13  0.00
14  0.00
15 36.45
16 16.48
17  2.13
18  0.03
19  2.38
20  0.84
21  0.00
22  0.00
23  0.00
24  0.00
25  0.29
26 36.45
27  0.00
28  0.00
29  0.00
30  0.00
31  0.00
--------------------------------------------------------------------------- 
my_sims: 11
   vars     n     mean      sd   median  trimmed     mad     min      max    range  skew kurtosis
1     1 22945 11472.86 6623.91 11473.00 11472.92 8504.19    1.00 22945.00 22944.00  0.00    -1.20
2     2 22945     2.00    0.82     2.00     2.00    1.48    1.00     3.00     2.00  0.00    -1.51
3     3 22945     1.04    0.30     1.00     1.00    0.00    1.00     4.00     3.00  8.49    73.20
4     4 22945     0.50    0.29     0.50     0.50    0.37    0.00     1.00     1.00  0.01    -1.20
5     5 22945     0.02    0.13     0.00     0.00    0.00    0.00     2.00     2.00  7.62    58.28
6     6 22945 11473.00 6623.80 11473.00 11473.00 8504.19    1.00 22945.00 22944.00  0.00    -1.20
7     7 22945     5.02    2.90     5.05     5.03    3.74    0.00    10.00    10.00 -0.02    -1.19
8     8 22945     1.00    0.58     0.99     1.00    0.75    0.00     2.00     2.00  0.01    -1.20
9     9 22945     4.99    2.90     5.05     4.99    3.74    0.00    10.00    10.00 -0.01    -1.20
10   10 22945     1.00    0.58     0.99     1.00    0.75    0.00     2.00     2.00  0.00    -1.20
11   11 22945     0.00    0.00     0.00     0.00    0.00    0.00     0.00     0.00  0.00    -1.19
12   12 22945     0.00    0.00     0.00     0.00    0.00    0.00     0.00     0.00  0.00    -1.19
13   13 22945     0.00    0.00     0.00     0.00    0.00    0.00     0.00     0.00 -0.01    -1.20
14   14 22945     0.00    0.00     0.00     0.00    0.00    0.00     0.00     0.00  0.01    -1.19
15   15 22945 11473.00 6623.80 11473.00 11473.00 8504.19    1.00 22945.00 22944.00  0.00    -1.20
16   16 22945   103.91 1641.66     0.00     0.00    0.00 -280.61 32222.00 32502.61 19.24   372.82
17   17 22945     6.31  112.56     0.00     0.00    0.00    0.00  2293.00  2293.00 19.50   380.46
18   18 22945     0.34    4.07     0.00     0.00    0.00    0.00    63.00    63.00 13.92   202.44
19   19 22945     6.36  124.60     0.00     0.00    0.00    0.00  2490.00  2490.00 19.64   383.96
20   20 22945     1.55   26.86     0.00     0.00    0.00    0.00   536.00   536.00 19.45   378.96
21   21 22945     0.00    0.05     0.00     0.00    0.00    0.00     1.00     1.00 19.64   383.87
22   22 22945     0.04    0.57     0.00     0.00    0.00    0.00    11.00    11.00 18.47   351.86
23   23 22945     0.02    0.22     0.00     0.00    0.00    0.00     4.00     4.00 16.06   279.81
24   24 22945     0.02    0.23     0.00     0.00    0.00    0.00     4.00     4.00 13.73   217.86
25   25 22945     2.71   22.59     0.00     0.00    0.00    0.00   391.34   391.34  9.50    99.06
26   26 22945 11473.00 6623.80 11473.00 11473.00 8504.19    1.00 22945.00 22944.00  0.00    -1.20
27   27 22945     0.14    0.04     0.13     0.14    0.04    0.05     0.27     0.22  0.53    -0.28
28   28 22945     0.39    0.13     0.38     0.39    0.14    0.13     0.74     0.61  0.26    -0.72
29   29 22945     0.43    0.13     0.43     0.43    0.16    0.15     0.76     0.61  0.14    -0.94
30   30 22945     0.04    0.05     0.02     0.03    0.02    0.00     0.40     0.39  2.41     6.59
31   31 22945    11.00    0.00    11.00    11.00    0.00   11.00    11.00     0.00   NaN      NaN
      se
1  43.73
2   0.01
3   0.00
4   0.00
5   0.00
6  43.73
7   0.02
8   0.00
9   0.02
10  0.00
11  0.00
12  0.00
13  0.00
14  0.00
15 43.73
16 10.84
17  0.74
18  0.03
19  0.82
20  0.18
21  0.00
22  0.00
23  0.00
24  0.00
25  0.15
26 43.73
27  0.00
28  0.00
29  0.00
30  0.00
31  0.00
--------------------------------------------------------------------------- 
my_sims: 12
   vars     n    mean      sd  median trimmed     mad     min      max    range  skew kurtosis
1     1 19325 9664.30 5579.28 9668.00 9664.73 7163.92    1.00 19325.00 19324.00  0.00    -1.20
2     2 19325    1.99    0.82    2.00    1.99    1.48    1.00     3.00     2.00  0.01    -1.50
3     3 19325    1.07    0.39    1.00    1.00    0.00    1.00     4.00     3.00  5.84    34.93
4     4 19325    0.50    0.29    0.50    0.50    0.37    0.00     1.00     1.00  0.01    -1.20
5     5 19325    0.07    0.27    0.00    0.00    0.00    0.00     3.00     3.00  3.90    15.99
6     6 19325 9663.00 5578.79 9663.00 9663.00 7162.44    1.00 19325.00 19324.00  0.00    -1.20
7     7 19325    5.03    2.92    5.05    5.04    3.74    0.00    10.00    10.00 -0.01    -1.20
8     8 19325    0.99    0.58    0.99    0.99    0.75    0.00     2.00     2.00  0.00    -1.19
9     9 19325    5.00    2.91    5.05    5.01    3.74    0.00    10.00    10.00 -0.01    -1.19
10   10 19325    1.00    0.58    1.01    1.01    0.75    0.00     2.00     2.00 -0.01    -1.20
11   11 19325    0.00    0.00    0.00    0.00    0.00    0.00     0.00     0.00 -0.01    -1.21
12   12 19325    0.00    0.00    0.00    0.00    0.00    0.00     0.00     0.00 -0.02    -1.20
13   13 19325    0.00    0.00    0.00    0.00    0.00    0.00     0.00     0.00  0.02    -1.20
14   14 19325    0.00    0.00    0.00    0.00    0.00    0.00     0.00     0.00  0.01    -1.20
15   15 19325 9663.00 5578.79 9663.00 9663.00 7162.44    1.00 19325.00 19324.00  0.00    -1.20
16   16 19325  447.64 2726.81    0.00    0.00    0.00 -823.18 20909.00 21732.18  6.77    46.51
17   17 19325   32.37  236.37    0.00    0.00    0.00    0.00  2005.00  2005.00  7.75    58.68
18   18 19325    0.74    7.15    0.00    0.00    0.00    0.00    92.00    92.00 11.21   130.10
19   19 19325   31.82  253.39    0.00    0.00    0.00    0.00  2152.00  2152.00  7.87    59.99
20   20 19325   10.56   74.72    0.00    0.00    0.00    0.00   609.00   609.00  7.65    57.42
21   21 19325    0.04    0.26    0.00    0.00    0.00    0.00     2.00     2.00  6.75    45.33
22   22 19325    0.09    0.62    0.00    0.00    0.00    0.00     5.00     5.00  7.59    56.64
23   23 19325    0.14    0.80    0.00    0.00    0.00    0.00     6.00     6.00  6.54    43.16
24   24 19325    0.04    0.20    0.00    0.00    0.00    0.00     1.00     1.00  4.67    19.82
25   25 19325   15.46   64.11    0.00    0.00    0.00    0.00   628.84   628.84  4.58    21.75
26   26 19325 9663.00 5578.79 9663.00 9663.00 7162.44    1.00 19325.00 19324.00  0.00    -1.20
27   27 19325    0.24    0.05    0.24    0.24    0.05    0.12     0.41     0.29  0.38    -0.30
28   28 19325    0.21    0.03    0.21    0.21    0.04    0.11     0.30     0.19 -0.01    -0.56
29   29 19325    0.14    0.05    0.13    0.14    0.06    0.05     0.29     0.24  0.44    -0.82
30   30 19325    0.41    0.09    0.41    0.41    0.09    0.19     0.68     0.49  0.14    -0.48
31   31 19325   12.00    0.00   12.00   12.00    0.00   12.00    12.00     0.00   NaN      NaN
      se
1  40.13
2   0.01
3   0.00
4   0.00
5   0.00
6  40.13
7   0.02
8   0.00
9   0.02
10  0.00
11  0.00
12  0.00
13  0.00
14  0.00
15 40.13
16 19.62
17  1.70
18  0.05
19  1.82
20  0.54
21  0.00
22  0.00
23  0.01
24  0.00
25  0.46
26 40.13
27  0.00
28  0.00
29  0.00
30  0.00
31  0.00
--------------------------------------------------------------------------- 
my_sims: 13
   vars     n     mean      sd   median  trimmed     mad     min      max    range  skew kurtosis
1     1 20289 10145.22 5856.95 10145.00 10145.27 7519.75    1.00 20289.00 20288.00  0.00    -1.20
2     2 20289     2.01    0.82     2.00     2.01    1.48    1.00     3.00     2.00 -0.01    -1.50
3     3 20289     1.05    0.36     1.00     1.00    0.00    1.00     4.00     3.00  7.75    58.75
4     4 20289     0.50    0.29     0.50     0.50    0.37    0.00     1.00     1.00  0.00    -1.20
5     5 20289     0.02    0.14     0.00     0.00    0.00    0.00     2.00     2.00  7.21    50.56
6     6 20289 10145.00 5857.07 10145.00 10145.00 7519.75    1.00 20289.00 20288.00  0.00    -1.20
7     7 20289     5.02    2.92     5.05     5.03    3.74    0.00    10.00    10.00  0.00    -1.20
8     8 20289     1.00    0.58     1.01     1.00    0.75    0.00     2.00     2.00 -0.01    -1.20
9     9 20289     4.99    2.90     4.95     4.99    3.74    0.00    10.00    10.00  0.00    -1.19
10   10 20289     1.00    0.58     1.01     1.00    0.75    0.00     2.00     2.00  0.00    -1.20
11   11 20289     0.00    0.00     0.00     0.00    0.00    0.00     0.00     0.00 -0.01    -1.19
12   12 20289     0.00    0.00     0.00     0.00    0.00    0.00     0.00     0.00  0.00    -1.20
13   13 20289     0.00    0.00     0.00     0.00    0.00    0.00     0.00     0.00  0.00    -1.20
14   14 20289     0.00    0.00     0.00     0.00    0.00    0.00     0.00     0.00  0.00    -1.20
15   15 20289 10145.00 5857.07 10145.00 10145.00 7519.75    1.00 20289.00 20288.00  0.00    -1.20
16   16 20289    67.48  805.38     0.00     0.00    0.00 -348.64 20556.00 20904.64 21.13   514.39
17   17 20289     3.51   79.48     0.00     0.00    0.00    0.00  2232.00  2232.00 26.92   744.33
18   18 20289     0.18    2.46     0.00     0.00    0.00    0.00    35.00    35.00 13.94   194.13
19   19 20289     2.36   66.60     0.00     0.00    0.00    0.00  2020.00  2020.00 28.53   813.78
20   20 20289     0.85   10.38     0.00     0.00    0.00    0.00   255.00   255.00 19.83   449.63
21   21 20289     0.02    0.14     0.00     0.00    0.00    0.00     2.00     2.00  9.09    91.23
22   22 20289     0.03    0.37     0.00     0.00    0.00    0.00    10.00    10.00 23.98   632.52
23   23 20289     0.03    0.24     0.00     0.00    0.00    0.00     2.00     2.00  7.83    60.25
24   24 20289     0.02    0.16     0.00     0.00    0.00    0.00     3.00     3.00 10.90   153.36
25   25 20289     3.72   30.78     0.00     0.00    0.00    0.00   592.63   592.63  9.76   108.04
26   26 20289 10145.00 5857.07 10145.00 10145.00 7519.75    1.00 20289.00 20288.00  0.00    -1.20
27   27 20289     0.07    0.06     0.05     0.06    0.06    0.00     0.24     0.24  0.75    -0.66
28   28 20289     0.12    0.10     0.08     0.11    0.09    0.01     0.43     0.42  0.83    -0.43
29   29 20289     0.74    0.21     0.81     0.76    0.21    0.22     0.98     0.76 -0.67    -0.87
30   30 20289     0.07    0.06     0.05     0.06    0.06    0.00     0.27     0.27  0.83    -0.28
31   31 20289    13.00    0.00    13.00    13.00    0.00   13.00    13.00     0.00   NaN      NaN
      se
1  41.12
2   0.01
3   0.00
4   0.00
5   0.00
6  41.12
7   0.02
8   0.00
9   0.02
10  0.00
11  0.00
12  0.00
13  0.00
14  0.00
15 41.12
16  5.65
17  0.56
18  0.02
19  0.47
20  0.07
21  0.00
22  0.00
23  0.00
24  0.00
25  0.22
26 41.12
27  0.00
28  0.00
29  0.00
30  0.00
31  0.00
--------------------------------------------------------------------------- 
my_sims: 14
   vars     n    mean      sd  median trimmed     mad     min      max    range  skew kurtosis
1     1 19571 9782.50 5649.04 9776.00 9781.88 7252.88    1.00 19571.00 19570.00  0.00    -1.20
2     2 19571    2.00    0.82    2.00    2.00    1.48    1.00     3.00     2.00  0.00    -1.50
3     3 19571    1.12    0.48    1.00    1.00    0.00    1.00     4.00     3.00  4.52    20.46
4     4 19571    0.50    0.29    0.50    0.50    0.37    0.00     1.00     1.00 -0.01    -1.20
5     5 19571    0.07    0.28    0.00    0.00    0.00    0.00     3.00     3.00  3.86    15.87
6     6 19571 9786.00 5649.81 9786.00 9786.00 7254.36    1.00 19571.00 19570.00  0.00    -1.20
7     7 19571    5.01    2.91    4.95    5.01    3.74    0.00    10.00    10.00  0.01    -1.19
8     8 19571    1.01    0.58    1.01    1.01    0.75    0.00     2.00     2.00 -0.02    -1.20
9     9 19571    5.02    2.92    5.05    5.02    3.74    0.00    10.00    10.00  0.00    -1.20
10   10 19571    1.00    0.58    1.01    1.00    0.75    0.00     2.00     2.00 -0.01    -1.19
11   11 19571    0.00    0.00    0.00    0.00    0.00    0.00     0.00     0.00 -0.01    -1.20
12   12 19571    0.00    0.00    0.00    0.00    0.00    0.00     0.00     0.00  0.00    -1.20
13   13 19571    0.00    0.00    0.00    0.00    0.00    0.00     0.00     0.00  0.00    -1.20
14   14 19571    0.00    0.00    0.00    0.00    0.00    0.00     0.00     0.00  0.00    -1.19
15   15 19571 9786.00 5649.81 9786.00 9786.00 7254.36    1.00 19571.00 19570.00  0.00    -1.20
16   16 19571 1293.82 6446.92    0.00    0.00    0.00 -364.45 38939.00 39303.45  5.42    28.44
17   17 19571   58.96  326.26    0.00    0.00    0.00    0.00  2071.00  2071.00  5.77    31.56
18   18 19571    1.74   11.05    0.00    0.00    0.00    0.00    99.00    99.00  7.86    62.54
19   19 19571   61.94  371.66    0.00    0.00    0.00    0.00  2424.00  2424.00  5.85    32.26
20   20 19571   19.76  104.46    0.00    0.00    0.00    0.00   645.00   645.00  5.69    30.89
21   21 19571    0.04    0.20    0.00    0.00    0.00    0.00     1.00     1.00  4.66    19.72
22   22 19571    0.30    1.78    0.00    0.00    0.00    0.00    11.00    11.00  5.84    32.09
23   23 19571    0.27    1.22    0.00    0.00    0.00    0.00     7.00     7.00  4.90    23.04
24   24 19571    0.08    0.35    0.00    0.00    0.00    0.00     2.00     2.00  4.70    21.32
25   25 19571   12.98   53.46    0.00    0.00    0.00    0.00   572.22   572.22  4.63    22.74
26   26 19571 9786.00 5649.81 9786.00 9786.00 7254.36    1.00 19571.00 19570.00  0.00    -1.20
27   27 19571    0.40    0.11    0.40    0.40    0.12    0.11     0.66     0.55 -0.22    -0.62
28   28 19571    0.33    0.06    0.33    0.33    0.07    0.19     0.50     0.31  0.23    -0.78
29   29 19571    0.19    0.03    0.19    0.19    0.03    0.09     0.28     0.19  0.03    -0.04
30   30 19571    0.08    0.11    0.03    0.06    0.03    0.00     0.53     0.53  1.65     1.89
31   31 19571   14.00    0.00   14.00   14.00    0.00   14.00    14.00     0.00   NaN      NaN
      se
1  40.38
2   0.01
3   0.00
4   0.00
5   0.00
6  40.39
7   0.02
8   0.00
9   0.02
10  0.00
11  0.00
12  0.00
13  0.00
14  0.00
15 40.39
16 46.08
17  2.33
18  0.08
19  2.66
20  0.75
21  0.00
22  0.01
23  0.01
24  0.00
25  0.38
26 40.39
27  0.00
28  0.00
29  0.00
30  0.00
31  0.00
--------------------------------------------------------------------------- 
my_sims: 15
   vars     n     mean      sd   median  trimmed     mad     min      max    range  skew kurtosis
1     1 21836 10920.15 6303.42 10925.50 10920.72 8091.29    1.00 21836.00 21835.00  0.00    -1.20
2     2 21836     2.00    0.82     2.00     1.99    1.48    1.00     3.00     2.00  0.01    -1.50
3     3 21836     1.05    0.34     1.00     1.00    0.00    1.00     4.00     3.00  6.51    43.25
4     4 21836     0.50    0.29     0.50     0.50    0.37    0.00     1.00     1.00  0.01    -1.20
5     5 21836     0.03    0.19     0.00     0.00    0.00    0.00     2.00     2.00  5.47    30.43
6     6 21836 10918.50 6303.65 10918.50 10918.50 8093.51    1.00 21836.00 21835.00  0.00    -1.20
7     7 21836     5.00    2.91     4.95     5.00    3.74    0.00    10.00    10.00  0.00    -1.19
8     8 21836     1.00    0.58     1.01     1.00    0.75    0.00     2.00     2.00  0.00    -1.20
9     9 21836     5.01    2.91     5.05     5.01    3.74    0.00    10.00    10.00 -0.01    -1.19
10   10 21836     1.00    0.58     1.01     1.00    0.75    0.00     2.00     2.00 -0.01    -1.20
11   11 21836     0.00    0.00     0.00     0.00    0.00    0.00     0.00     0.00 -0.01    -1.19
12   12 21836     0.00    0.00     0.00     0.00    0.00    0.00     0.00     0.00 -0.01    -1.19
13   13 21836     0.00    0.00     0.00     0.00    0.00    0.00     0.00     0.00  0.00    -1.20
14   14 21836     0.00    0.00     0.00     0.00    0.00    0.00     0.00     0.00 -0.02    -1.20
15   15 21836 10918.50 6303.65 10918.50 10918.50 8093.51    1.00 21836.00 21835.00  0.00    -1.20
16   16 21836    93.59  649.88     0.00     0.00    0.00 -369.34  7121.00  7490.34  8.68    83.89
17   17 21836    17.12  177.97     0.00     0.00    0.00    0.00  2293.00  2293.00 12.18   148.87
18   18 21836     0.14    1.51     0.00     0.00    0.00    0.00    27.00    27.00 14.01   226.00
19   19 21836    12.94  160.76     0.00     0.00    0.00    0.00  2086.00  2086.00 12.51   154.52
20   20 21836     4.62   38.59     0.00     0.00    0.00    0.00   473.00   473.00 10.97   126.74
21   21 21836     0.02    0.15     0.00     0.00    0.00    0.00     1.00     1.00  6.27    37.34
22   22 21836     0.08    0.80     0.00     0.00    0.00    0.00    10.00    10.00 12.07   147.14
23   23 21836     0.01    0.16     0.00     0.00    0.00    0.00     2.00     2.00 12.50   154.38
24   24 21836     0.03    0.20     0.00     0.00    0.00    0.00     2.00     2.00  7.52    60.50
25   25 21836     5.52   32.86     0.00     0.00    0.00    0.00   479.96   479.96  6.75    50.03
26   26 21836 10918.50 6303.65 10918.50 10918.50 8093.51    1.00 21836.00 21835.00  0.00    -1.20
27   27 21836     0.16    0.07     0.15     0.16    0.09    0.04     0.35     0.31  0.44    -0.90
28   28 21836     0.49    0.11     0.50     0.50    0.13    0.21     0.76     0.55 -0.07    -0.88
29   29 21836     0.15    0.09     0.13     0.14    0.10    0.02     0.44     0.42  0.71    -0.51
30   30 21836     0.19    0.07     0.18     0.19    0.07    0.05     0.41     0.36  0.47    -0.39
31   31 21836    15.00    0.00    15.00    15.00    0.00   15.00    15.00     0.00   NaN      NaN
      se
1  42.66
2   0.01
3   0.00
4   0.00
5   0.00
6  42.66
7   0.02
8   0.00
9   0.02
10  0.00
11  0.00
12  0.00
13  0.00
14  0.00
15 42.66
16  4.40
17  1.20
18  0.01
19  1.09
20  0.26
21  0.00
22  0.01
23  0.00
24  0.00
25  0.22
26 42.66
27  0.00
28  0.00
29  0.00
30  0.00
31  0.00
--------------------------------------------------------------------------- 
my_sims: 16
   vars     n    mean      sd  median trimmed     mad     min      max    range  skew kurtosis
1     1 19659 9829.17 5675.03 9829.00 9829.02 7286.98    1.00 19659.00 19658.00  0.00    -1.20
2     2 19659    2.00    0.81    2.00    2.00    1.48    1.00     3.00     2.00 -0.01    -1.49
3     3 19659    1.02    0.17    1.00    1.00    0.00    1.00     4.00     3.00 13.56   210.38
4     4 19659    0.50    0.29    0.50    0.50    0.37    0.00     1.00     1.00  0.01    -1.20
5     5 19659    0.02    0.13    0.00    0.00    0.00    0.00     2.00     2.00  7.82    61.37
6     6 19659 9830.00 5675.21 9830.00 9830.00 7286.98    1.00 19659.00 19658.00  0.00    -1.20
7     7 19659    4.98    2.92    4.95    4.97    3.74    0.00    10.00    10.00  0.01    -1.20
8     8 19659    1.00    0.58    0.99    1.00    0.75    0.00     2.00     2.00  0.00    -1.20
9     9 19659    4.99    2.89    4.95    4.99    3.74    0.00    10.00    10.00  0.00    -1.18
10   10 19659    0.99    0.58    0.99    0.99    0.75    0.00     2.00     2.00  0.02    -1.19
11   11 19659    0.00    0.00    0.00    0.00    0.00    0.00     0.00     0.00  0.00    -1.19
12   12 19659    0.00    0.00    0.00    0.00    0.00    0.00     0.00     0.00  0.00    -1.20
13   13 19659    0.00    0.00    0.00    0.00    0.00    0.00     0.00     0.00  0.01    -1.19
14   14 19659    0.00    0.00    0.00    0.00    0.00    0.00     0.00     0.00  0.00    -1.21
15   15 19659 9830.00 5675.21 9830.00 9830.00 7286.98    1.00 19659.00 19658.00  0.00    -1.20
16   16 19659  287.50 3004.65    0.00    0.00    0.00 -398.95 32222.00 32620.95 10.49   108.33
17   17 19659   16.98  179.98    0.00    0.00    0.00    0.00  2035.00  2035.00 10.56   109.72
18   18 19659    0.08    1.36    0.00    0.00    0.00    0.00    38.00    38.00 24.32   654.84
19   19 19659   20.34  216.37    0.00    0.00    0.00    0.00  2379.00  2379.00 10.55   109.42
20   20 19659    3.67   38.30    0.00    0.00    0.00    0.00   418.00   418.00 10.53   109.07
21   21 19659    0.01    0.10    0.00    0.00    0.00    0.00     1.00     1.00 10.28   103.61
22   22 19659    0.01    0.10    0.00    0.00    0.00    0.00     1.00     1.00 10.28   103.61
23   23 19659    0.07    0.75    0.00    0.00    0.00    0.00     8.00     8.00 10.35   106.09
24   24 19659    0.03    0.28    0.00    0.00    0.00    0.00     3.00     3.00 10.16   102.80
25   25 19659    2.97   25.48    0.00    0.00    0.00    0.00   472.94   472.94  9.73   103.45
26   26 19659 9830.00 5675.21 9830.00 9830.00 7286.98    1.00 19659.00 19658.00  0.00    -1.20
27   27 19659    0.54    0.14    0.55    0.54    0.16    0.15     0.83     0.68 -0.21    -0.77
28   28 19659    0.03    0.04    0.02    0.02    0.02    0.00     0.26     0.26  2.23     5.43
29   29 19659    0.14    0.06    0.13    0.13    0.07    0.04     0.30     0.26  0.46    -0.67
30   30 19659    0.30    0.16    0.26    0.28    0.16    0.04     0.80     0.76  0.65    -0.36
31   31 19659   16.00    0.00   16.00   16.00    0.00   16.00    16.00     0.00   NaN      NaN
      se
1  40.48
2   0.01
3   0.00
4   0.00
5   0.00
6  40.48
7   0.02
8   0.00
9   0.02
10  0.00
11  0.00
12  0.00
13  0.00
14  0.00
15 40.48
16 21.43
17  1.28
18  0.01
19  1.54
20  0.27
21  0.00
22  0.00
23  0.01
24  0.00
25  0.18
26 40.48
27  0.00
28  0.00
29  0.00
30  0.00
31  0.00
--------------------------------------------------------------------------- 
my_sims: 17
   vars     n     mean      sd   median  trimmed     mad     min      max    range  skew kurtosis
1     1 21126 10564.36 6099.64 10564.50 10564.63 7833.32    1.00 21126.00 21125.00  0.00    -1.20
2     2 21126     1.99    0.82     2.00     1.99    1.48    1.00     3.00     2.00  0.01    -1.50
3     3 21126     1.05    0.33     1.00     1.00    0.00    1.00     4.00     3.00  7.30    54.50
4     4 21126     0.50    0.29     0.50     0.50    0.37    0.00     1.00     1.00  0.00    -1.20
5     5 21126     0.03    0.16     0.00     0.00    0.00    0.00     2.00     2.00  6.29    39.78
6     6 21126 10563.50 6098.70 10563.50 10563.50 7830.35    1.00 21126.00 21125.00  0.00    -1.20
7     7 21126     5.02    2.93     5.05     5.03    3.74    0.00    10.00    10.00 -0.01    -1.21
8     8 21126     1.00    0.58     0.99     1.00    0.75    0.00     2.00     2.00  0.01    -1.21
9     9 21126     4.98    2.91     4.95     4.98    3.74    0.00    10.00    10.00  0.00    -1.19
10   10 21126     1.00    0.58     0.99     1.00    0.75    0.00     2.00     2.00  0.00    -1.20
11   11 21126     0.00    0.00     0.00     0.00    0.00    0.00     0.00     0.00 -0.01    -1.20
12   12 21126     0.00    0.00     0.00     0.00    0.00    0.00     0.00     0.00  0.00    -1.20
13   13 21126     0.00    0.00     0.00     0.00    0.00    0.00     0.00     0.00  0.00    -1.20
14   14 21126     0.00    0.00     0.00     0.00    0.00    0.00     0.00     0.00 -0.01    -1.20
15   15 21126 10563.50 6098.70 10563.50 10563.50 7830.35    1.00 21126.00 21125.00  0.00    -1.20
16   16 21126   212.41 2758.83     0.00     0.00    0.00 -543.72 37525.00 38068.72 13.42   178.36
17   17 21126    12.19  154.47     0.00     0.00    0.00    0.00  2217.00  2217.00 13.40   178.53
18   18 21126     0.44    5.71     0.00     0.00    0.00    0.00    96.00    96.00 15.26   241.47
19   19 21126    11.56  155.95     0.00     0.00    0.00    0.00  2227.00  2227.00 13.47   179.73
20   20 21126     1.08   13.90     0.00     0.00    0.00    0.00   200.00   200.00 13.48   180.86
21   21 21126     0.02    0.17     0.00     0.00    0.00    0.00     2.00     2.00 10.16   107.83
22   22 21126     0.02    0.13     0.00     0.00    0.00    0.00     1.00     1.00  7.67    56.78
23   23 21126     0.03    0.28     0.00     0.00    0.00    0.00     3.00     3.00  9.27    87.01
24   24 21126     0.03    0.26     0.00     0.00    0.00    0.00     3.00     3.00  9.39    98.26
25   25 21126     7.76   53.04     0.00     0.00    0.00    0.00   768.54   768.54  7.62    62.31
26   26 21126 10563.50 6098.70 10563.50 10563.50 7830.35    1.00 21126.00 21125.00  0.00    -1.20
27   27 21126     0.22    0.03     0.22     0.22    0.04    0.13     0.33     0.20  0.25    -0.35
28   28 21126     0.43    0.10     0.43     0.43    0.12    0.23     0.62     0.39  0.00    -1.17
29   29 21126     0.28    0.08     0.27     0.28    0.08    0.10     0.53     0.43  0.41    -0.40
30   30 21126     0.07    0.04     0.06     0.06    0.04    0.01     0.24     0.23  1.09     0.95
31   31 21126    17.00    0.00    17.00    17.00    0.00   17.00    17.00     0.00   NaN      NaN
      se
1  41.97
2   0.01
3   0.00
4   0.00
5   0.00
6  41.96
7   0.02
8   0.00
9   0.02
10  0.00
11  0.00
12  0.00
13  0.00
14  0.00
15 41.96
16 18.98
17  1.06
18  0.04
19  1.07
20  0.10
21  0.00
22  0.00
23  0.00
24  0.00
25  0.36
26 41.96
27  0.00
28  0.00
29  0.00
30  0.00
31  0.00
--------------------------------------------------------------------------- 
my_sims: 18
   vars     n     mean      sd   median  trimmed     mad     min      max    range  skew kurtosis
1     1 22431 11215.73 6475.49 11216.00 11215.70 8314.42    1.00 22431.00 22430.00  0.00    -1.20
2     2 22431     2.00    0.82     2.00     2.00    1.48    1.00     3.00     2.00  0.00    -1.50
3     3 22431     1.03    0.23     1.00     1.00    0.00    1.00     4.00     3.00 10.05   105.93
4     4 22431     0.50    0.29     0.51     0.50    0.37    0.00     1.00     1.00 -0.02    -1.21
5     5 22431     0.01    0.12     0.00     0.00    0.00    0.00     2.00     2.00  8.73    78.36
6     6 22431 11216.00 6475.42 11216.00 11216.00 8314.42    1.00 22431.00 22430.00  0.00    -1.20
7     7 22431     5.00    2.91     5.05     5.00    3.74    0.00    10.00    10.00  0.00    -1.20
8     8 22431     1.00    0.58     0.99     1.00    0.75    0.00     2.00     2.00  0.00    -1.21
9     9 22431     4.99    2.91     4.95     4.98    3.74    0.00    10.00    10.00  0.01    -1.18
10   10 22431     1.00    0.58     1.01     1.00    0.75    0.00     2.00     2.00  0.00    -1.21
11   11 22431     0.00    0.00     0.00     0.00    0.00    0.00     0.00     0.00  0.00    -1.21
12   12 22431     0.00    0.00     0.00     0.00    0.00    0.00     0.00     0.00 -0.01    -1.19
13   13 22431     0.00    0.00     0.00     0.00    0.00    0.00     0.00     0.00  0.00    -1.20
14   14 22431     0.00    0.00     0.00     0.00    0.00    0.00     0.00     0.00  0.00    -1.20
15   15 22431 11216.00 6475.42 11216.00 11216.00 8314.42    1.00 22431.00 22430.00  0.00    -1.20
16   16 22431   136.88 1945.79     0.00     0.00    0.00 -395.15 31515.00 31910.15 15.87   252.59
17   17 22431     7.57  119.85     0.00     0.00    0.00    0.00  2051.00  2051.00 16.16   259.67
18   18 22431     0.17    2.49     0.00     0.00    0.00    0.00    57.00    57.00 18.66   391.45
19   19 22431     8.07  130.81     0.00     0.00    0.00    0.00  2182.00  2182.00 16.16   259.38
20   20 22431     3.82   53.98     0.00     0.00    0.00    0.00   882.00   882.00 15.92   253.65
21   21 22431     0.01    0.15     0.00     0.00    0.00    0.00     2.00     2.00 11.49   140.06
22   22 22431     0.05    0.68     0.00     0.00    0.00    0.00    11.00    11.00 15.70   248.57
23   23 22431     0.02    0.28     0.00     0.00    0.00    0.00     4.00     4.00 12.53   158.11
24   24 22431     0.01    0.15     0.00     0.00    0.00    0.00     2.00     2.00 11.44   138.71
25   25 22431     2.76   26.24     0.00     0.00    0.00    0.00   692.07   692.07 11.42   155.80
26   26 22431 11216.00 6475.42 11216.00 11216.00 8314.42    1.00 22431.00 22430.00  0.00    -1.20
27   27 22431     0.30    0.07     0.29     0.29    0.07    0.12     0.54     0.42  0.34    -0.28
28   28 22431     0.46    0.10     0.46     0.46    0.13    0.21     0.64     0.43 -0.09    -1.11
29   29 22431     0.20    0.05     0.20     0.20    0.05    0.09     0.35     0.26  0.41    -0.28
30   30 22431     0.05    0.05     0.03     0.04    0.03    0.00     0.30     0.30  1.76     3.17
31   31 22431    18.00    0.00    18.00    18.00    0.00   18.00    18.00     0.00   NaN      NaN
      se
1  43.24
2   0.01
3   0.00
4   0.00
5   0.00
6  43.24
7   0.02
8   0.00
9   0.02
10  0.00
11  0.00
12  0.00
13  0.00
14  0.00
15 43.24
16 12.99
17  0.80
18  0.02
19  0.87
20  0.36
21  0.00
22  0.00
23  0.00
24  0.00
25  0.18
26 43.24
27  0.00
28  0.00
29  0.00
30  0.00
31  0.00
--------------------------------------------------------------------------- 
my_sims: 19
   vars     n    mean      sd  median trimmed     mad     min      max    range  skew kurtosis
1     1 14880 7441.11 4295.73 7441.50 7441.24 5516.01    1.00 14880.00 14879.00  0.00    -1.20
2     2 14880    2.00    0.81    2.00    2.00    1.48    1.00     3.00     2.00  0.00    -1.49
3     3 14880    1.04    0.34    1.00    1.00    0.00    1.00     4.00     3.00  7.94    62.45
4     4 14880    0.50    0.29    0.50    0.50    0.37    0.00     1.00     1.00  0.00    -1.20
5     5 14880    0.02    0.15    0.00    0.00    0.00    0.00     2.00     2.00  6.74    45.92
6     6 14880 7440.50 4295.63 7440.50 7440.50 5515.27    1.00 14880.00 14879.00  0.00    -1.20
7     7 14880    4.98    2.90    5.05    4.98    3.74    0.00    10.00    10.00  0.00    -1.20
8     8 14880    1.00    0.58    1.01    1.01    0.75    0.00     2.00     2.00  0.00    -1.19
9     9 14880    5.00    2.92    5.05    5.01    3.74    0.00    10.00    10.00 -0.01    -1.20
10   10 14880    1.00    0.58    1.01    1.00    0.75    0.00     2.00     2.00  0.00    -1.21
11   11 14880    0.00    0.00    0.00    0.00    0.00    0.00     0.00     0.00  0.01    -1.21
12   12 14880    0.00    0.00    0.00    0.00    0.00    0.00     0.00     0.00  0.02    -1.21
13   13 14880    0.00    0.00    0.00    0.00    0.00    0.00     0.00     0.00  0.00    -1.19
14   14 14880    0.00    0.00    0.00    0.00    0.00    0.00     0.00     0.00  0.00    -1.20
15   15 14880 7440.50 4295.63 7440.50 7440.50 5515.27    1.00 14880.00 14879.00  0.00    -1.20
16   16 14880   70.97  862.77    0.00    0.00    0.00 -530.09 22323.00 22853.09 18.39   412.22
17   17 14880    3.56   65.63    0.00    0.00    0.00    0.00  2136.00  2136.00 27.81   854.04
18   18 14880    0.61    6.51    0.00    0.00    0.00    0.00    86.00    86.00 11.62   139.30
19   19 14880    1.85   59.29    0.00    0.00    0.00    0.00  2051.00  2051.00 33.77  1140.32
20   20 14880    0.94   17.17    0.00    0.00    0.00    0.00   573.00   573.00 31.68  1042.94
21   21 14880    0.00    0.03    0.00    0.00    0.00    0.00     1.00     1.00 33.78  1139.46
22   22 14880    0.01    0.19    0.00    0.00    0.00    0.00     6.00     6.00 27.48   837.73
23   23 14880    0.03    0.25    0.00    0.00    0.00    0.00     5.00     5.00 11.66   165.30
24   24 14880    0.01    0.14    0.00    0.00    0.00    0.00     3.00     3.00 13.37   229.95
25   25 14880    4.49   33.55    0.00    0.00    0.00    0.00   530.09   530.09  8.60    81.11
26   26 14880 7440.50 4295.63 7440.50 7440.50 5515.27    1.00 14880.00 14879.00  0.00    -1.20
27   27 14880    0.05    0.05    0.03    0.04    0.03    0.00     0.28     0.28  1.75     3.04
28   28 14880    0.24    0.11    0.22    0.23    0.12    0.04     0.56     0.52  0.54    -0.51
29   29 14880    0.48    0.09    0.47    0.48    0.10    0.26     0.70     0.45  0.16    -0.77
30   30 14880    0.24    0.11    0.22    0.23    0.12    0.04     0.62     0.58  0.64    -0.25
31   31 14880   19.00    0.00   19.00   19.00    0.00   19.00    19.00     0.00   NaN      NaN
      se
1  35.22
2   0.01
3   0.00
4   0.00
5   0.00
6  35.21
7   0.02
8   0.00
9   0.02
10  0.00
11  0.00
12  0.00
13  0.00
14  0.00
15 35.21
16  7.07
17  0.54
18  0.05
19  0.49
20  0.14
21  0.00
22  0.00
23  0.00
24  0.00
25  0.28
26 35.21
27  0.00
28  0.00
29  0.00
30  0.00
31  0.00
--------------------------------------------------------------------------- 
my_sims: 20
   vars     n     mean      sd   median  trimmed     mad     min      max    range  skew kurtosis
1     1 21303 10655.18 6150.99 10658.00 10655.63 7899.29    1.00 21303.00 21302.00  0.00    -1.20
2     2 21303     2.00    0.82     2.00     2.01    1.48    1.00     3.00     2.00 -0.01    -1.51
3     3 21303     1.08    0.44     1.00     1.00    0.00    1.00     4.00     3.00  5.77    32.80
4     4 21303     0.50    0.29     0.50     0.50    0.37    0.00     1.00     1.00 -0.01    -1.20
5     5 21303     0.04    0.20     0.00     0.00    0.00    0.00     3.00     3.00  5.03    26.11
6     6 21303 10652.00 6149.79 10652.00 10652.00 7896.33    1.00 21303.00 21302.00  0.00    -1.20
7     7 21303     5.01    2.91     5.05     5.02    3.74    0.00    10.00    10.00  0.00    -1.20
8     8 21303     0.99    0.58     0.99     0.99    0.75    0.00     2.00     2.00  0.02    -1.19
9     9 21303     5.01    2.90     5.05     5.01    3.74    0.00    10.00    10.00  0.00    -1.19
10   10 21303     1.00    0.58     0.99     1.00    0.75    0.00     2.00     2.00  0.01    -1.19
11   11 21303     0.00    0.00     0.00     0.00    0.00    0.00     0.00     0.00  0.00    -1.19
12   12 21303     0.00    0.00     0.00     0.00    0.00    0.00     0.00     0.00  0.00    -1.20
13   13 21303     0.00    0.00     0.00     0.00    0.00    0.00     0.00     0.00  0.00    -1.20
14   14 21303     0.00    0.00     0.00     0.00    0.00    0.00     0.00     0.00 -0.01    -1.20
15   15 21303 10652.00 6149.79 10652.00 10652.00 7896.33    1.00 21303.00 21302.00  0.00    -1.20
16   16 21303   260.25 2244.10     0.00     0.00    0.00 -384.75 22323.00 22707.75  9.58    90.90
17   17 21303    22.54  219.99     0.00     0.00    0.00    0.00  2263.00  2263.00  9.78    93.80
18   18 21303     0.34    3.07     0.00     0.00    0.00    0.00    33.00    33.00 10.11   103.57
19   19 21303    23.17  227.76     0.00     0.00    0.00    0.00  2328.00  2328.00  9.78    93.74
20   20 21303    10.44   95.90     0.00     0.00    0.00    0.00   964.00   964.00  9.73    93.03
21   21 21303     0.03    0.22     0.00     0.00    0.00    0.00     2.00     2.00  7.97    64.70
22   22 21303     0.05    0.41     0.00     0.00    0.00    0.00     4.00     4.00  9.13    84.11
23   23 21303     0.07    0.52     0.00     0.00    0.00    0.00     5.00     5.00  8.95    81.76
24   24 21303     0.06    0.34     0.00     0.00    0.00    0.00     3.00     3.00  7.22    56.40
25   25 21303     7.72   42.17     0.00     0.00    0.00    0.00   693.40   693.40  6.27    44.13
26   26 21303 10652.00 6149.79 10652.00 10652.00 7896.33    1.00 21303.00 21302.00  0.00    -1.20
27   27 21303     0.27    0.06     0.27     0.27    0.07    0.12     0.40     0.28 -0.15    -0.83
28   28 21303     0.24    0.04     0.24     0.24    0.04    0.12     0.32     0.20 -0.04    -0.57
29   29 21303     0.43    0.11     0.43     0.43    0.14    0.16     0.62     0.47 -0.19    -1.09
30   30 21303     0.07    0.07     0.04     0.06    0.05    0.00     0.42     0.42  1.42     1.51
31   31 21303    20.00    0.00    20.00    20.00    0.00   20.00    20.00     0.00   NaN      NaN
      se
1  42.14
2   0.01
3   0.00
4   0.00
5   0.00
6  42.13
7   0.02
8   0.00
9   0.02
10  0.00
11  0.00
12  0.00
13  0.00
14  0.00
15 42.13
16 15.38
17  1.51
18  0.02
19  1.56
20  0.66
21  0.00
22  0.00
23  0.00
24  0.00
25  0.29
26 42.13
27  0.00
28  0.00
29  0.00
30  0.00
31  0.00
